3.091997235161765
2.985193165740346
3.048718870511708
3.0361077208059752
3.065880141347717
3.0532453158590998
3.066465013761619
3.1622753384835454
3.0647562945041917
3.06108411783359
3.0481550627077363
3.0135893159678386
3.154046632209759
3.076534446383851
3.064137207087747
3.100277053135332
2.994428957200613
3.090179787971345
3.0804865365794067
2.998207403404819
3.0602856647453898
3.157504288278477
3.000717369814044
3.04403667028495
3.0483560544004176
3.0470605265436372
3.061994843666661
3.088859360168512
3.0443080837726266
3.0662755180432897
3.088339415324744
3.0639678497388503
3.0568939665935266
3.0473313859905513
2.960308635618899
3.000492777943752
3.0669776846288843
3.059021206631409
3.0486852115057252
3.0997194027570067
3.0643337068114533
3.1505402476177555
2.9839522621571826
2.9992834622303235
3.151061016071928
3.0915904206199705
2.9980539026709567
3.0959789664041426
2.9645351928337886
2.9641269246264437
3.087230174258502
3.064362500652463
3.0599150834603224
3.070740150388737
3.143628003427075
3.064264533111563
3.179668800835637
3.059388427046532
3.0950021737346733
3.0910518893537096
3.065208186860957
3.159920078267258
3.0638518027703197
2.981076733396042
3.045624970344626
3.0884804279214353
3.0614291689398487
3.0914260662373323
3.0861066919162403
3.0036754217191888
3.0943764231976236
3.049150476389062
3.0865807879727023
3.048643075395184
3.095912588344183
2.998509140101794
3.0454896260342808
2.978216341493565
3.081717102215029
3.0659132281779784
2.9954006951621635
3.048481171167336
3.0873954898768248
3.178254893238916
3.052751248808003
2.9884566989042303
3.0565894506142897
3.0007703321978743
3.0648597726290254
2.9879204901377
3.091053531816456
3.0468493197629734
3.0274165373720834
3.065187623827346
2.995390596303305
2.9928194197577374
3.064692440820541
3.1363501440487496
3.1016536501362024
3.092001553532649
3.0848199558651217
3.0666454321177725
3.0612318685779076
3.1095010148129583
2.9948423481939885
2.987334116406847
3.0048005301207015
3.0483314007627595
2.986073102780287
3.065588793712461
3.0913940552208756
2.9986667743293163
3.0482012439676853
3.0507970206490054
3.0390972680855497
3.0484039288355254
3.133174823240129
3.051225596554193
3.0910057030669065
3.142831345946371
3.0933273983703065
3.0668561457246395
3.083928437916714
3.0086310264288327
3.063026590012106
3.0419291622219427
3.035536316974583
3.079288416400229
3.0460684332027683
3.0657220034547685
3.0606956741128033
3.1471251266613054
3.0499769070665637
3.111204860420809
2.975109747516371
3.0641039575896976
3.0800446877454277
3.0224436455776007
3.113777083095014
2.9680275054474934
3.0676615704761647
2.986946153584177
2.9631295658124506
3.0632135983973456
3.064425459272901
3.0860477752029465
2.9957442074887815
3.0179063456502435
3.014380009525235
3.0754560345825976
3.044295836058553
3.0654954279298203
3.0631336021498448
3.0687194340147825
2.992026946720581
3.059447187608153
3.0716391212109815
3.0626484017393656
3.065914798536161
3.0978757821733636
3.072189565672924
2.982183435894455
2.9631818632356435
3.0653470819868
3.0875099081290913
3.070359418796999
3.0611785665543065
3.0472238771171707
3.0945682810634514
3.138957837504964
3.053095187335343
3.1011761069879786
3.0476356703165184
3.1148122182354228
3.0669513010587695
3.044225378660068
3.0507279328028494
2.9998992884513247
3.0727256720732745
3.0830301736804393
3.050049735990233
3.120020356404081
3.0817859253866957
3.1368316413420363
3.0938382427538427
2.981098012967822
2.999934991788575
3.0511908454132097
2.99565313440473
3.0849452785957485
3.0470488535132687
3.048616300788916
3.117058723952193
3.0685969298793974
3.0891488737026114
3.0925077809361157
3.1111973852904913
2.996442195535065
3.0701943220775516
3.069196166121517
3.049957136298918
3.0639956837635816
3.106464023374778
3.1327941946345166
3.0624616122173562
3.0654375627855495
3.049825229596403
3.051211527175419
3.0884736559632384
3.0869196238479737
3.048270890740832
2.999757335054784
3.1666263450071614
2.961006223733715
2.9618520190565283
2.9966577951831805
